Instance 0 最优时间跨度为:7038
	相应的一个最优排列为:[8, 1, 3, 5, 4, 11, 2, 9, 7, 10, 6]
Instance 1 最优时间跨度为:8366
	相应的一个最优排列为:[7, 3, 8, 5, 2, 1, 6, 4]
Instance 2 最优时间跨度为:7166
	相应的一个最优排列为:[7, 3, 4, 13, 8, 1, 11, 2, 12, 6, 9, 10, 5]
Instance 3 最优时间跨度为:7312
	相应的一个最优排列为:[11, 6, 12, 5, 10, 9, 3, 2, 4, 7, 8, 1]
Instance 4 最优时间跨度为:8003
	相应的一个最优排列为:[4, 9, 7, 13, 12, 8, 14, 10, 6, 3, 1, 5, 2, 11]
Instance 5 最优时间跨度为:7720
	相应的一个最优排列为:[5, 4, 2, 1, 3, 8, 6, 10, 9, 7]
Instance 6 最优时间跨度为:1431
	相应的一个最优排列为:[2, 14, 9, 12, 16, 4, 13, 10, 19, 11, 3, 20, 15, 8, 5, 1, 18, 17, 7, 6]
Instance 7 最优时间跨度为:1950
	相应的一个最优排列为:[5, 13, 12, 1, 9, 15, 6, 19, 14, 17, 20, 8, 3, 16, 2, 10, 11, 18, 4, 7]
Instance 8 最优时间跨度为:1109
	相应的一个最优排列为:[6, 14, 7, 1, 2, 3, 17, 8, 4, 13, 11, 16, 10, 19, 12, 9, 5, 15, 18, 20]
Instance 9 最优时间跨度为:1902
	相应的一个最优排列为:[13, 18, 2, 17, 8, 9, 19, 11, 3, 15, 20, 4, 12, 14, 10, 7, 16, 1, 6, 5]
Instance 10 最优时间跨度为:3277
	相应的一个最优排列为:[13, 25, 14, 6, 40, 38, 42, 17, 35, 34, 7, 29, 3, 33, 39, 2, 19, 49, 21, 44, 15, 36, 45, 23, 11, 27, 18, 43, 47, 12, 4, 30, 41, 37, 8, 9, 50, 26, 1, 5, 20, 46, 48, 10, 32, 16, 22, 28, 24, 31]
