 8
 11 5 
 0 375 1  12 2 142 3 245 4 412
 0 632 1 452 2 758 3 278 4 398
 0  12 1 876 2 124 3 534 4 765
 0 460 1 542 2 523 3 120 4 499
 0 528 1 101 2 789 3 124 4 999
 0 796 1 245 2 632 3 375 4 123
 0 532 1 230 2 543 3 896 4 452
 0  14 1 124 2 214 3 543 4 785
 0 257 1 527 2 753 3 210 4 463
 0 896 1 896 2 214 3 258 4 259
 0 532 1 302 2 501 3 765 4 988
 13 4
 0 654 1 147 2 345 3 447
 0 321 1 520 2 789 3 702
 0  12 1 147 2 630 3 255
 0 345 1 586 2 214 3 866
 0 678 1 532 2 275 3 332
 0 963 1 145 2 302 3 225
 0  25 1  24 2 142 3 589
 0 874 1 517 2  24 3 996
 0 114 1 896 2 520 3 541
 0 785 1 543 2 336 3 234
 0 203 1 210 2 699 3 784
 0 696 1 784 2 855 3 512
 0 302 1 512 2 221 3 345
 12 5
 0 456 1 537 2 123 3 214 4 234
 0 789 1 854 2 225 3 528 4 123
 0 876 1 632 2 588 3 896 4 456
 0 543 1 145 2 669 3 325 4 789
 0 210 1 785 2 966 3 147 4 876
 0 123 1 214 2 332 3 856 4 543
 0 456 1 752 2 144 3 321 4 210
 0 789 1 143 2 755 3 427 4 123
 0 876 1 698 2 322 3 546 4 456
 0 543 1 532 2 100 3 321 4 789
 0 210 1 145 2 114 3 401 4 876
 0 124 1 247 2 753 3 214 4 543
 14 4
 0 456 1 856 2 963 3 696
 0 789 1 930 2  21 3 320
 0 630 1 214 2 475 3 142
 0 214 1 257 2 320 3 753
 0 573 1 896 2 124 3 214
 0 218 1 532 2 752 3 528
 0 653 1 142 2 147 3 653
 0 214 1 547 2 532 3 214
 0 204 1 865 2 145 3 527
 0 785 1 321 2 763 3 536
 0 696 1 124 2 214 3 214
 0 532 1  12 2 257 3 528
 0  12 1 345 2 854 3 888
 0 457 1 678 2 123 3 999
 10 6
 0 333 1 991 2 996 3 123 4 145 5 234
 0 333 1 111 2 663 3 456 4 785 5 532
 0 252 1 222 2 222 3 789 4 214 5 586
 0 222 1 204 2 114 3 876 4 752 5 532
 0 255 1 477 2 123 3 543 4 143 5 142
 0 555 1 566 2 456 3 210 4 698 5 573
 0 558 1 899 2 789 3 124 4 532 5  12
 0 888 1 965 2 876 3 537 4 145 5  14
 0 889 1 588 2 543 3 854 4 247 5 527
 0 999 1 889 2 210 3 632 4 451 5 856
 8 9
 0 887 1 447 2 234 3 159 4 201 5 555 6 463 7 456 8 753
 0 799 1 779 2 567 3 267 4 478 5 444 6 123 7 789 8  21
 0 999 1 999 2 852 3 483 4 520 5 120 6 456 7 630 8 427
 0 666 1 666 2 140 3 753 4 145 5 142 6 789 7 258 8 520
 0 663 1  25 2 222 3 420 4 699 5 578 6 876 7 741 8 142
 0 333 1 558 2 558 3 159 4 875 5 965 6 543 7  36 8 534
 0 222 1 886 2 965 3  25 4 633 5 412 6 210 7 985 8 157
 0 114 1 541 2 412 3 863 4 222 5  25 6 123 7 214 8 896
 7 7
 0 692 1 310 2 832 3 630 4 258 5 147 6 255
 0 581 1 582 2  14 3 214 4 147 5 753 6 806
 0 475 1 475 2 785 3 578 4 852 5   2 6 699
 0  23 1 196 2 696 3 214 4 586 5 356 6 877
 0 158 1 325 2 530 3 785 4 325 5 565 6 412
 0 796 1 874 2 214 3 236 4 896 5 898 6 302
 0 542 1 205 2 578 3 963 4 325 5 800 6 120
 8 8
 0 456 1 654 2 852 3 145 4 632 5 425 6 214 7 654
 0 789 1 123 2 369 3 678 4 581 5 396 6 123 7 789
 0 654 1 123 2 632 3 965 4 475 5 325 6 456 7 654
 0 321 1 456 2 581 3 421 4  32 5 147 6 789 7 123
 0 456 1 789 2 472 3 365 4 536 5 852 6 654 7 123
 0 789 1 654 2 586 3 824 4 325 5  12 6 321 7 456
 0 654 1 321 2 320 3 758 4 863 5 452 6 456 7 789
 0 789 1 147 2 120 3 639 4  21 5 863 6 789 7 654

 7038
 7166
 7312
 8003
 7720
 8505
 6590
 8266

 7038
 7166
 7312
 8003
 7720
 8505
 6590
 8266